0.000000 1.000000 0.002933
0.100000 1.000000 0.008436
0.200000 1.000000 0.016186
0.300000 1.000000 0.025890
0.400000 1.000000 0.037283
0.500000 1.000000 0.050129
0.600000 1.000000 0.064217
0.700000 1.000000 0.079355
0.800000 1.000000 0.095373
0.900000 1.000000 0.112117
1.000000 1.000000 0.129452
1.100000 1.000000 0.147256
1.200000 1.000000 0.165420
1.300000 1.000000 0.183847
1.400000 1.000000 0.202453
1.500000 1.000000 0.221160
1.600000 1.000000 0.239901
1.700000 1.000000 0.258619
1.800000 1.000000 0.277260
1.900000 1.000000 0.295779
2.000000 1.000000 0.314137
2.100000 1.000000 0.332299
2.200000 1.000000 0.350235
2.300000 1.000000 0.367920
2.400000 1.000000 0.385333
2.500000 1.000000 0.402454
2.600000 1.000000 0.419269
2.700000 1.000000 0.435766
2.799999 1.000000 0.451933
2.899999 1.000000 0.467764
2.999999 1.000000 0.483252
3.099999 1.000000 0.498394
3.199999 1.000000 0.513186
3.299999 1.000000 0.527627
3.399999 1.000000 0.541717
3.499999 1.000000 0.555457
3.599999 1.000000 0.568848
3.699999 1.000000 0.581894
3.799999 1.000000 0.594598
3.899998 1.000000 0.606963
3.999998 1.000000 0.618993
4.099998 1.000000 0.630695
4.199998 1.000000 0.642073
4.299998 1.000000 0.653132
4.399998 1.000000 0.663879
4.499998 1.000000 0.674320
4.599998 1.000000 0.684460
4.699998 1.000000 0.694306
4.799998 1.000000 0.703865
4.899998 1.000000 0.713143
4.999998 1.000000 0.722147
5.099998 1.000000 0.730883
5.199997 1.000000 0.739358
5.299997 1.000000 0.747578
5.399997 1.000000 0.755550
5.499997 1.000000 0.763281
5.599997 1.000000 0.770776
5.699997 1.000000 0.778043
5.799997 1.000000 0.785086
5.899997 1.000000 0.791914
5.999997 1.000000 0.798530
6.099997 1.000000 0.804942
6.199996 1.000000 0.811155
6.299996 1.000000 0.817174
6.399996 1.000000 0.823006
6.499996 1.000000 0.828656
6.599996 1.000000 0.834129
6.699996 1.000000 0.839431
6.799996 1.000000 0.844565
6.899996 1.000000 0.849539
6.999996 1.000000 0.854355
7.099996 1.000000 0.859020
7.199996 1.000000 0.863537
7.299995 1.000000 0.867911
7.399995 1.000000 0.872147
7.499995 1.000000 0.876249
7.599995 1.000000 0.880220
7.699995 1.000000 0.884065
7.799995 1.000000 0.887787
7.899995 1.000000 0.891392
7.999995 1.000000 0.894881
8.099995 1.000000 0.898259
8.199995 1.000000 0.901529
8.299995 1.000000 0.904695
8.399996 1.000000 0.907760
8.499996 1.000000 0.910727
8.599997 1.000000 0.913598
8.699997 1.000000 0.916378
8.799997 1.000000 0.919069
8.899998 1.000000 0.921674
8.999998 1.000000 0.924196
9.099998 1.000000 0.926636
9.199999 1.000000 0.928998
9.299999 1.000000 0.931285
9.400000 1.000000 0.933498
9.500000 1.000000 0.935640
9.600000 1.000000 0.937714
9.700001 1.000000 0.939721
9.800001 1.000000 0.941663
9.900002 1.000000 0.943543
10.000002 1.000000 0.945362
10.100002 1.000000 0.947123
10.200003 1.000000 0.948828
10.300003 1.000000 0.950477
10.400003 1.000000 0.952073
10.500004 1.000000 0.953618
10.600004 1.000000 0.955113
10.700005 1.000000 0.956560
10.800005 1.000000 0.957961
10.900005 1.000000 0.959316
11.000006 1.000000 0.960628
11.100006 1.000000 0.961898
11.200006 1.000000 0.963126
11.300007 1.000000 0.964315
11.400007 1.000000 0.965466
11.500008 1.000000 0.966579
11.600008 1.000000 0.967657
11.700008 1.000000 0.968700
11.800009 1.000000 0.969710
11.900009 1.000000 0.970687
12.000010 1.000000 0.971632
12.100010 1.000000 0.972547
12.200010 1.000000 0.973433
12.300011 1.000000 0.974290
12.400011 1.000000 0.975119
12.500011 1.000000 0.975922
12.600012 1.000000 0.976698
12.700012 1.000000 0.977450
12.800013 1.000000 0.978178
12.900013 1.000000 0.978882
13.000013 1.000000 0.979563
13.100014 1.000000 0.980223
13.200014 1.000000 0.980861
13.300014 1.000000 0.981478
13.400015 1.000000 0.982076
13.500015 1.000000 0.982654
13.600016 1.000000 0.983213
13.700016 1.000000 0.983755
13.800016 1.000000 0.984279
13.900017 1.000000 0.984786
14.000017 1.000000 0.985277
14.100018 1.000000 0.985752
14.200018 1.000000 0.986212
14.300018 1.000000 0.986657
14.400019 1.000000 0.987087
14.500019 1.000000 0.987504
14.600019 1.000000 0.987907
14.700020 1.000000 0.988297
14.800020 1.000000 0.988675
14.900021 1.000000 0.989040
15.000021 1.000000 0.989394
15.100021 1.000000 0.989736
15.200022 1.000000 0.990068
15.300022 1.000000 0.990388
15.400023 1.000000 0.990698
15.500023 1.000000 0.990998
15.600023 1.000000 0.991289
15.700024 1.000000 0.991570
15.800024 1.000000 0.991842
15.900024 1.000000 0.992105
16.000025 1.000000 0.992360
16.100025 1.000000 0.992607
16.200026 1.000000 0.992845
16.300026 1.000000 0.993076
16.400026 1.000000 0.993300
16.500027 1.000000 0.993516
16.600027 1.000000 0.993726
16.700027 1.000000 0.993929
16.800028 1.000000 0.994125
16.900028 1.000000 0.994314
17.000029 1.000000 0.994498
17.100029 1.000000 0.994676
17.200029 1.000000 0.994848
17.300030 1.000000 0.995014
17.400030 1.000000 0.995175
17.500031 1.000000 0.995331
17.600031 1.000000 0.995482
17.700031 1.000000 0.995628
17.800032 1.000000 0.995769
17.900032 1.000000 0.995906
18.000032 1.000000 0.996039
18.100033 1.000000 0.996167
18.200033 1.000000 0.996291
18.300034 1.000000 0.996411
18.400034 1.000000 0.996527
18.500034 1.000000 0.996639
18.600035 1.000000 0.996748
18.700035 1.000000 0.996854
18.800035 1.000000 0.996956
18.900036 1.000000 0.997054
19.000036 1.000000 0.997150
19.100037 1.000000 0.997242
19.200037 1.000000 0.997332
19.300037 1.000000 0.997418
19.400038 1.000000 0.997502
19.500038 1.000000 0.997582
19.600039 1.000000 0.997661
19.700039 1.000000 0.997736
19.800039 1.000000 0.997810
19.900040 1.000000 0.997881
